fixed_points = [
1.687180064618588e-002 9.190926328301430e-003 0.000000000000000e+000 ;
1.761548221111298e-002 1.314112637192011e-002 0.000000000000000e+000 ;
8.521909266710281e-002 2.029355801641941e-002 0.000000000000000e+000 ;
9.020857512950897e-003 2.962400950491428e-002 0.000000000000000e+000 ;
2.788522094488144e-002 4.593746736645699e-002 0.000000000000000e+000 ;
1.135667338967323e-001 5.389085412025452e-002 0.000000000000000e+000 ;
2.699975296854973e-002 5.445934087038040e-002 0.000000000000000e+000 ;
8.007574081420898e-002 5.460547655820847e-002 0.000000000000000e+000 ;
1.158306300640106e-001 5.563321337103844e-002 0.000000000000000e+000 ;
2.441195026040077e-002 5.712521076202393e-002 0.000000000000000e+000 ;
9.311544895172119e-002 7.304754853248596e-002 0.000000000000000e+000 ;
2.078720927238464e-002 7.383153587579727e-002 0.000000000000000e+000 ;
1.168770268559456e-001 7.776483893394470e-002 0.000000000000000e+000 ;
1.019192114472389e-002 8.013916015625000e-002 0.000000000000000e+000 ;
8.340930938720703e-002 8.065113425254822e-002 0.000000000000000e+000 ;
1.394538730382919e-001 8.071959018707275e-002 0.000000000000000e+000 ;
1.418621093034744e-001 8.224525302648544e-002 0.000000000000000e+000 ;
3.721316531300545e-002 8.470771461725235e-002 0.000000000000000e+000 ;
6.701788865029812e-003 8.651409298181534e-002 0.000000000000000e+000 ;
1.317830085754395e-001 8.715138584375382e-002 0.000000000000000e+000 ;
9.740963578224182e-002 8.942545950412750e-002 0.000000000000000e+000 ;
1.134566515684128e-001 8.875736594200134e-002 0.000000000000000e+000 ;
7.204044610261917e-002 9.006471931934357e-002 0.000000000000000e+000 ;
5.418663844466209e-002 9.137642383575440e-002 0.000000000000000e+000 ;
4.770878329873085e-002 9.231860190629959e-002 0.000000000000000e+000 ;
8.690315485000610e-002 9.607064723968506e-002 0.000000000000000e+000 ;
1.142789870500565e-001 1.015119850635529e-001 0.000000000000000e+000 ;
1.170346364378929e-001 1.030610278248787e-001 0.000000000000000e+000 ;
9.401861578226090e-002 1.066893339157105e-001 0.000000000000000e+000 ;
6.019706279039383e-002 1.213966533541679e-001 0.000000000000000e+000 ;
8.761619776487351e-002 1.285458356142044e-001 0.000000000000000e+000 ;
1.429885029792786e-001 1.306987553834915e-001 0.000000000000000e+000 ;
1.422018855810165e-001 1.333931386470795e-001 0.000000000000000e+000 ;
1.165139675140381e-001 1.368964910507202e-001 0.000000000000000e+000 ;
6.239983253180981e-003 1.421116739511490e-001 0.000000000000000e+000 ;
7.668252289295197e-002 1.425198912620544e-001 0.000000000000000e+000 ;
1.166385859251022e-001 1.427758038043976e-001 0.000000000000000e+000 ;
7.466588169336319e-002 1.442333608865738e-001 0.000000000000000e+000 ;
5.926820635795593e-002 1.479633450508118e-001 0.000000000000000e+000 ;
5.245545879006386e-002 1.530779153108597e-001 0.000000000000000e+000 ;
8.453123271465302e-002 1.532817482948303e-001 0.000000000000000e+000 ;
5.824225395917893e-002 1.533444970846176e-001 0.000000000000000e+000 ;
1.928253285586834e-002 7.362290285527706e-003 0.000000000000000e+000 ;
7.574796676635742e-002 1.360017340630293e-002 0.000000000000000e+000 ;
3.404868766665459e-002 1.813166774809361e-002 0.000000000000000e+000 ;
3.502672165632248e-002 2.620495110750198e-002 0.000000000000000e+000 ;
7.404380291700363e-002 4.718408733606339e-002 0.000000000000000e+000 ;
4.206046462059021e-002 6.600520014762878e-002 0.000000000000000e+000 ;
2.294395677745342e-002 7.590764760971069e-002 0.000000000000000e+000 ;
1.125367730855942e-001 7.006020098924637e-002 0.000000000000000e+000 ;
3.736597299575806e-002 7.977931946516037e-002 0.000000000000000e+000 ;
8.361653983592987e-002 8.377694338560104e-002 0.000000000000000e+000 ;
1.270969808101654e-001 8.442724496126175e-002 0.000000000000000e+000 ;
1.133251786231995e-001 1.360498368740082e-001 0.000000000000000e+000 ;
9.994427859783173e-002 1.535371392965317e-001 0.000000000000000e+000 ;
8.005113340914249e-003 2.389397099614143e-002 0.000000000000000e+000 ;
1.067195367068052e-002 2.759726718068123e-002 0.000000000000000e+000 ;
5.752259492874146e-002 3.576341643929482e-002 0.000000000000000e+000 ;
4.251000471413136e-003 6.374838948249817e-002 0.000000000000000e+000 ;
1.006041932851076e-002 6.929189711809158e-002 0.000000000000000e+000 ;
6.435287743806839e-002 7.233864068984985e-002 0.000000000000000e+000 ;
3.270063549280167e-002 7.485817372798920e-002 0.000000000000000e+000 ;
2.707225270569325e-002 7.786505669355393e-002 0.000000000000000e+000 ;
3.576811030507088e-002 8.034364879131317e-002 0.000000000000000e+000 ;
7.735171914100647e-002 9.120006114244461e-002 0.000000000000000e+000 ;
9.100363403558731e-002 9.074939787387848e-002 0.000000000000000e+000 ;
3.414786187931895e-003 9.098917990922928e-002 0.000000000000000e+000 ;
1.794576272368431e-002 9.608632326126099e-002 0.000000000000000e+000 ;
6.145578622817993e-002 9.860683977603912e-002 0.000000000000000e+000 ;
1.187627166509628e-001 1.099392920732498e-001 0.000000000000000e+000 ;
8.180004358291626e-002 1.227942183613777e-001 0.000000000000000e+000 ;
2.224896848201752e-002 1.233823075890541e-001 0.000000000000000e+000 ;
6.147285178303719e-002 1.235773116350174e-001 0.000000000000000e+000 ;
3.074877336621285e-002 1.286198943853378e-001 0.000000000000000e+000 ;
8.847706764936447e-002 1.293933689594269e-001 0.000000000000000e+000 ;
8.335007727146149e-002 1.320924609899521e-001 0.000000000000000e+000 ;
7.913763076066971e-002 1.381173580884934e-001 0.000000000000000e+000 ;
5.633632466197014e-002 1.407381147146225e-001 0.000000000000000e+000 ;
2.190032415091991e-002 1.471685469150543e-001 0.000000000000000e+000 ;
6.047526001930237e-002 1.477765887975693e-001 0.000000000000000e+000 ;
4.963898565620184e-003 7.561536971479654e-003 0.000000000000000e+000 ;
8.139907568693161e-002 1.493072975426912e-002 0.000000000000000e+000 ;
9.684853255748749e-002 3.240236267447472e-002 0.000000000000000e+000 ;
1.017307713627815e-001 3.644435107707977e-002 0.000000000000000e+000 ;
5.084291473031044e-002 3.722654283046722e-002 0.000000000000000e+000 ;
1.560052298009396e-002 4.884343221783638e-002 0.000000000000000e+000 ;
4.144229739904404e-002 8.300066739320755e-002 0.000000000000000e+000 ;
9.291587024927139e-002 1.097055748105049e-001 0.000000000000000e+000 ;
1.054650694131851e-001 1.159312129020691e-001 0.000000000000000e+000 ;
8.125068992376328e-002 1.281099170446396e-001 0.000000000000000e+000 ;
1.762790046632290e-002 3.475166484713554e-002 0.000000000000000e+000 ;
7.653317600488663e-002 5.083936080336571e-002 0.000000000000000e+000 ;
2.201757580041885e-002 5.461049824953079e-002 0.000000000000000e+000 ;
6.995961815118790e-002 5.554814636707306e-002 0.000000000000000e+000 ;
8.589081466197968e-003 6.830499321222305e-002 0.000000000000000e+000 ;
4.037040472030640e-002 8.211196213960648e-002 0.000000000000000e+000 ;
1.116206124424934e-001 1.039621829986572e-001 0.000000000000000e+000 ;
3.469412773847580e-002 1.087551712989807e-001 0.000000000000000e+000 ;
1.173450518399477e-002 1.215381696820259e-001 0.000000000000000e+000 ;
3.859752789139748e-002 2.112759463489056e-002 0.000000000000000e+000 ;
5.317496880888939e-002 4.102895781397820e-002 0.000000000000000e+000 ;
4.280700534582138e-002 4.229148477315903e-002 0.000000000000000e+000 ;
8.593645691871643e-002 5.444097891449928e-002 0.000000000000000e+000 ;
8.667867630720139e-002 6.427150964736939e-002 0.000000000000000e+000 ;
4.688259214162827e-002 6.538006663322449e-002 0.000000000000000e+000 ;
9.852365404367447e-002 6.687320768833160e-002 0.000000000000000e+000 ;
2.357019670307636e-002 7.190307229757309e-002 0.000000000000000e+000 ;
1.515054609626532e-002 7.493982464075089e-002 0.000000000000000e+000 ;
4.982414469122887e-002 7.647655159235001e-002 0.000000000000000e+000 ;
8.143492043018341e-002 7.793561369180679e-002 0.000000000000000e+000 ;
